BFGS Status
      fun: 47.75785796128453
 hess_inv: array([[ 2.69871438e-03, -1.11346153e-05,  5.12286472e-06,
        -4.95023766e-06, -1.49577340e-05, -4.90297934e-06,
        -4.12511370e-06,  4.29111512e-06,  7.56961409e-06,
         8.47480085e-05],
       [-1.11346153e-05,  2.62662067e-03,  5.83908135e-05,
        -3.29455801e-09,  6.18161021e-05,  2.92914913e-05,
         5.81193064e-06, -5.40240801e-05,  1.02913927e-04,
         6.12575494e-05],
       [ 5.12286472e-06,  5.83908135e-05,  2.57578856e-03,
        -8.45291327e-05,  1.79830628e-06,  4.40264594e-06,
         4.50070340e-05,  4.88468515e-06,  7.13475545e-05,
         3.14759042e-05],
       [-4.95023766e-06, -3.29455799e-09, -8.45291327e-05,
         2.78505287e-03,  6.78465009e-05, -4.14508101e-07,
        -9.89661760e-05, -3.04377943e-05, -8.56435888e-05,
         7.39538926e-06],
       [-1.49577340e-05,  6.18161021e-05,  1.79830628e-06,
         6.78465009e-05,  2.58321871e-03,  8.57788757e-06,
        -1.34568023e-05, -1.80005834e-05,  1.24352897e-05,
         1.80121344e-05],
       [-4.90297934e-06,  2.92914913e-05,  4.40264594e-06,
        -4.14508101e-07,  8.57788757e-06,  2.56321395e-03,
         8.46851607e-06,  1.76946948e-05,  7.65620944e-06,
         5.70620713e-06],
       [-4.12511370e-06,  5.81193064e-06,  4.50070340e-05,
        -9.89661760e-05, -1.34568023e-05,  8.46851607e-06,
         2.54517812e-03, -2.95252623e-05,  6.17845023e-05,
         3.44627916e-06],
       [ 4.29111512e-06, -5.40240801e-05,  4.88468515e-06,
        -3.04377943e-05, -1.80005834e-05,  1.76946948e-05,
        -2.95252623e-05,  2.47442463e-03,  1.10907661e-05,
        -2.84462116e-05],
       [ 7.56961409e-06,  1.02913927e-04,  7.13475545e-05,
        -8.56435888e-05,  1.24352897e-05,  7.65620944e-06,
         6.17845023e-05,  1.10907661e-05,  2.63696311e-03,
         5.59579046e-05],
       [ 8.47480085e-05,  6.12575494e-05,  3.14759042e-05,
         7.39538926e-06,  1.80121344e-05,  5.70620713e-06,
         3.44627916e-06, -2.84462116e-05,  5.59579046e-05,
         2.60282667e-03]])
      jac: array([ 0.00000000e+00, -9.53674316e-07, -9.53674316e-07,  1.90734863e-06,
        0.00000000e+00,  4.76837158e-07, -9.53674316e-07,  0.00000000e+00,
       -1.43051147e-06, -4.76837158e-07])
  message: 'Optimization terminated successfully.'
     nfev: 429
      nit: 28
     njev: 39
   status: 0
  success: True
        x: array([ 1.98991223e+00,  3.97978385e+00, -9.94958647e-01, -2.34241777e-09,
       -9.94958645e-01,  2.98485570e+00,  1.98991222e+00, -7.10655554e-09,
        2.98485569e+00,  1.98991223e+00])

HDMR Status
     fun: array([[140.71580282]])
 message: ' '
    nfev: 50
    nhev: 0
    njev: 0
 success: True
       x: [0.03932372082006904, -0.6783250960748373]