BFGS Status
      fun: 104.47001237509991
 hess_inv: array([[ 2.72567126e-03, -7.32736047e-05, -7.81790254e-05,
         6.73192606e-05, -9.91575142e-06, -1.53945556e-06,
        -8.23325137e-05, -2.44893617e-06, -4.72242723e-05,
        -3.82872685e-05],
       [-7.32736047e-05,  2.64532239e-03,  4.95092799e-05,
        -3.15654639e-05,  5.94319893e-06,  1.03238348e-06,
         8.47470443e-05,  1.42976264e-06,  1.99402046e-05,
         2.39828966e-05],
       [-7.81790254e-05,  4.95092799e-05,  2.57587231e-03,
         1.09509719e-05,  2.36996263e-06,  2.49970733e-06,
         5.65841306e-05,  9.49637999e-07,  1.11090644e-05,
         1.36797572e-05],
       [ 6.73192606e-05, -3.15654639e-05,  1.09509719e-05,
         2.64442187e-03, -8.53601895e-06, -5.59063857e-07,
        -1.04756887e-05,  1.85528484e-07, -1.15136483e-05,
        -1.43494924e-05],
       [-9.91575142e-06,  5.94319893e-06,  2.36996263e-06,
        -8.53601895e-06,  2.53331083e-03,  7.30130544e-07,
         1.24841707e-05,  1.42425710e-08, -7.26680190e-07,
         2.39744244e-06],
       [-1.53945556e-06,  1.03238348e-06,  2.49970733e-06,
        -5.59063857e-07,  7.30130544e-07,  2.53344101e-03,
         2.46909237e-06,  1.28420388e-06,  7.19777971e-07,
        -1.37432523e-06],
       [-8.23325137e-05,  8.47470443e-05,  5.65841306e-05,
        -1.04756887e-05,  1.24841707e-05,  2.46909237e-06,
         2.66800585e-03,  3.08987622e-06,  1.56419649e-05,
         2.64135426e-05],
       [-2.44893617e-06,  1.42976264e-06,  9.49637999e-07,
         1.85528484e-07,  1.42425709e-08,  1.28420388e-06,
         3.08987622e-06,  2.55077356e-03, -2.86929282e-07,
         3.16742925e-08],
       [-4.72242723e-05,  1.99402046e-05,  1.11090644e-05,
        -1.15136483e-05, -7.26680190e-07,  7.19777971e-07,
         1.56419649e-05, -2.86929282e-07,  2.56459443e-03,
         1.07583965e-05],
       [-3.82872685e-05,  2.39828966e-05,  1.36797572e-05,
        -1.43494924e-05,  2.39744244e-06, -1.37432523e-06,
         2.64135426e-05,  3.16742925e-08,  1.07583965e-05,
         2.56163118e-03]])
      jac: array([-9.53674316e-07,  1.90734863e-06,  1.90734863e-06,  0.00000000e+00,
        0.00000000e+00,  1.90734863e-06,  1.90734863e-06,  0.00000000e+00,
        0.00000000e+00, -9.53674316e-07])
  message: 'Optimization terminated successfully.'
     nfev: 385
      nit: 20
     njev: 35
   status: 0
  success: True
        x: array([ 9.94958627e-01, -5.41182395e-09,  2.98485570e+00,  2.98485569e+00,
        2.98485569e+00, -2.98485571e+00, -2.98485571e+00, -4.97469140e+00,
       -2.98485571e+00,  4.97469138e+00])

HDMR Status
     fun: array([[168.64892201]])
 message: ' '
    nfev: 100
    nhev: 0
    njev: 0
 success: True
       x: [-0.23611259488866326, -0.2955940897057589]